
h           = 0.67
Omega_b     = 0.049
Omega_cdm   = 0.268580851704
T_cmb       = 2.7255
N_ncdm      = 3
N_ur        = 0
T_ncdm      = 0.7164863646133482, 0.7164863646133482, 0.7164863646133482
deg_ncdm    = 1, 1, 1
m_ncdm      = 1e-100, 0.00868907, 0.05

Quadrature strategy     = 3, 3, 3
Maximum q               = 20, 20, 20
Number of momentum bins = 500, 500, 500

A_s         = 2.215e-09
n_s         = 0.9619
k_pivot     = 0.05

