
h           = 0.67
Omega_b     = 0.049
Omega_cdm   = 0.262809319
T_cmb       = 2.7255
N_ncdm      = 1
N_ur        = 0
T_ncdm      = 0.7164863646133482
deg_ncdm    = 3
m_ncdm      = 0.1

Quadrature strategy     = 3
Maximum q               = 20
Number of momentum bins = 500

A_s         = 2.215e-09
n_s         = 0.9619
k_pivot     = 0.05

