
h           = 0.67
Omega_b     = 0.049
Omega_cdm   = 0.255634096
T_cmb       = 2.7255
N_ncdm      = 1
N_ur        = 0
T_ncdm      = 0.7164863646133482
deg_ncdm    = 3
m_ncdm      = 0.2

Quadrature strategy     = 2
Maximum q               = 20
Number of momentum bins = 100

A_s         = 2.215e-09
n_s         = 0.9619
k_pivot     = 0.05

k_per_decade_for_pk = 100